ID, 3D Point between RA/RV, 3D Point between RV/PA, radius RA/RV, radius RV/PA
1001 25.6 350.2 -209.3 -0.735392 -0.673436 0.0753845 48 349 -140.5 0.409364 0.678322 -0.610165 7 7
1002 -13.5 284.7 -174.8 -0.80713 -0.567651 0.162217 20.2 289.6 -124.1 0.126093 0.0187773 0.991841 7 7
1003 -13.8 310.2 -204.1 -0.637848 -0.767124 0.0683427 17.1 318.6 -169.5 0.0298472 -0.389176 0.92068 7 7
1004 -5.8 193.8 -139.6 0.694462 0.680506 -0.233738 31.3 197.7 -96.5 0.158638 -0.514554 0.842656 7 7
1005 9 238.6 -147.3 -0.896696 -0.442303 0.017427 32.9 235.2 -103.5 -0.000869803 -0.710708 0.703487 7 7
1006 -0.3 258.8 -121.8 0.680931 0.64715 -0.342826 17.3 266.1 -73.6 -0.212383 -0.366842 0.905715 7 7
1007 8.8 234 -141.4 -0.871043 -0.480781 -0.100672 33.2 225.3 -103.3 -0.166954 -0.851083 0.497778 7 10
1008 27.7 256.4 -160 -0.804729 -0.589493 0.0700663 54.4 255.5 -115.6 -0.0160164 -0.659189 0.751806 7 7
1009 -15.1 284.2 -155.9 -0.594172 -0.783972 0.179857 23.5 278.8 -101.5 0.2536 -0.716905 0.649411 7 9
1010 25.6 275.7 -169.1 -0.76252 -0.64249 -0.0759564 46.9 271.6 -117.9 -0.20057 -0.644321 0.737986 7 7
1011 7.4 215.3 -166.9 -0.651145 -0.694192 0.30677 42.4 202.1 -113.8 -0.204106 0.867117 -0.454366 7 7
1012 -0.8 223.9 -146 -0.649 -0.753343 0.106175 26.1 227.8 -96.6 0.0179795 -0.709025 0.704954 7 7
1013 -11.1 243.8 -121.1 -0.597353 -0.800634 0.0464215 22.3 240.3 -63 0.746372 -0.565992 0.350117 7 7
1014 -5.7 284.2 -284.8 -0.677992 -0.523044 0.516481 30.7 297.5 -240.9 -0.39103 0.148591 0.908304 7 7
1015 -5.6 317.8 -244.9 -0.751124 -0.57266 -0.32844 18.2 304.8 -174.9 -0.00487579 0.62188 -0.783098 7 8
1016 20.5 283.7 -132.8 0.772422 0.628718 -0.0898775 46 284.3 -88.3 0.142648 -0.564312 0.813144 7 7
1017 8.4 330.5 -167.8 0.892735 0.443937 0.0770952 31.3 331.1 -122.8 0.107755 -0.626077 0.77228 7 7
1018 -3.8 201.6 -141.6 0.591979 0.805948 0.00298271 26.2 209.6 -99.8 0.0397026 -0.203713 0.978225 7 7
1019 -6 218.2 -182.3 -0.842293 -0.528537 0.105792 24.2 211.8 -137.9 0.473889 -0.686016 0.552096 7 7
1020 18.8 347.3 -206.6 -0.757103 -0.645658 0.0996021 45.9 346.6 -139.6 -0.350936 -0.631223 0.691665 7 7
