ID, 3D Point between RA/RV, 3D Point between RV/PA, radius RA/RV, radius RV/PA
1001 25.6 350.2 -209.3 48 349 -140.5 3.0 5.0
1002 -13.5 284.7 -174.8 20.2 289.6 -124.1 5.0 5.0
1003 -13.8 310.2 -204.1 17.1 318.6 -169.5 5.0 5.0
1004 -5.8 193.8 -139.6 31.3 197.7 -96.5 5.0 5.0
1005 9.0 238.6 -147.3 32.9 235.2 -103.5 5.0 5.0
1006 -0.3 258.8 -121.8 17.3 266.1 -73.6 5.0 5.0
1007 8.8 234.0 -141.4 33.2 225.3 -103.3 5.0 5.0
1008 27.7 256.4 -160.0 54.4 255.5 -115.6 5.0 5.0
1009 -15.1 284.2 -155.9 23.5 278.8 -101.5 5.0 5.0
1010 25.6 275.7 -169.1 46.9 271.6 -117.9 5.0 5.0
1011 7.4 215.3 -166.9 42.4 202.1 -113.8 5.0 5.0
1012 -0.8 223.9 -146.0 26.1 227.8 -96.6 5.0 5.0
1013 -11.1 243.8 -121.1 22.3 240.3 -63.0 5.0 5.0
1014 -5.7 284.2 -284.8 30.7 297.5 -240.9 6.0 5.0
1015 -5.6 317.8 -244.9 18.2 304.8 -174.9 5.0 5.0
1016 20.5 283.7 -132.8 46.0 284.3 -88.3 5.0 5.0
1017 8.4 330.5 -167.8 31.3 331.1 -122.8 5.0 5.0
1018 -3.8 201.6 -141.6 26.2 209.6 -99.8 6.0 5.0
1019 -6.0 218.2 -182.3 24.2 211.8 -137.9 5.0 5.0
1020 18.8 347.3 -206.6 45.9 346.6 -139.6 5.0 5.0