ID, 3D Point between heart/aorta, radius
01 -28.5775 -234.037 -370.625 10.0
02 -17.0907 -54.0767 -25.7812 10.0
03 -18.2048 -8.36936 -0.0544996 10.0
04 -11.2812 -43.9151 -15.0069 10.0
05 7.80298 -237.92 -416.139 10.0
06 6.73598 -51.9135 -5.00218 10.0
07 -12.432 -228.653 -419.024 10.0
08 -18.8438 -0.68584 159.169 10.0
09 -20.3949 -45.5668 -12.5809 10.0
10 -20.3768 -254.692 -338.083 10.0
11 -14.0933 -64.0935 19.7294 10.0
12 -7.92984 -245.425 -376.101 10.0
13 -2.35102 -240.56 -363.686 10.0
14 23.8984 -19.6575 42.5092 10.0
15 -13.8777 -70.6367 -5.24668 10.0
16 -23.8 -33.7297 45.0052 10.0
17 -8.96916 -35.2438 20.0143 10.0
18 -23.5794 -36.912 39.9577 10.0
19 -41.7346 -36.777 -35.4891 10.0
20 3.59809 -60.1392 -382.781 10.0
21 -17.8 -56.2 29.7 10.0
22 -14.1 -63.1 37.4 10.0
23 -22.1 -49.1 4.6 10.0
24 -13.8 -70.2 51.9 10.0
25 -26.3 -28.3 29.9 10.0
26 -12.3892 -234.43 -382.547 10.0
27 -5.54341 -233.931 -338.622 10.0
28 5.79615 -64.2897 -5.50848 10.0
29 -13.6385 -0.11317 4.72013 10.0
30 -19.2152 13.7102 37.253 10.0
31 -10.2653 -13.1208 27.5335 10.0
32 -26.2982 -41.7294 15.0485 10.0
33 -26.4909 -243.527 -394.814 10.0
34 -7.70864 -51.5056 -2.73913 10.0
35 2.65756 -229.634 -331.142 10.0
36 -15.765 -259.627 -345.503 10.0
37 -10.5143 -24.0805 14.744 10.0
38 -11.0684 -42.7005 32.6812 10.0
39 -16.1708 -240.505 -380.729 10.0
40 -11.4849 -34.0413 -0.236574 10.0